header:
  seq: 0
  stamp:
    secs: 0
    nsecs: 0
  frame_id: camera_front_wide
height: 1920
width: 3840
distortion_model: plumb_bob
D: [-0.3551973687854932, 0.1309498964692269, 0.0009575736112607845, -0.001702227558784537, -0.02257984169963428]
K: [2045.020035444152, 0.0, 1970.021039052567, 0.0, 2048.699604155343, 958.4201458174967, 0.0, 0.0, 1.0]
R: [1.0, 0.0, 0.0, 0.0, 1.0, 0.0, 0.0, 0.0, 1.0]
P: [2045.020035444152, 0.0, 1970.021039052567, 0.0, 0.0, 2048.699604155343, 958.4201458174967, 0.0, 0.0, 0.0, 1.0, 0.0]
binning_x: 0
binning_y: 0
roi:
  x_offset: 0
  y_offset: 0
  height: 0
  width: 0
  do_rectify: False
